37 0.03056338028169014 0.4349610894941634 0.04101841820151679 0.13340466926070038
28 0.0781581798483207 0.4307976653696498 0.0557204767063922 0.1306225680933852
39 0.36797399783315277 0.13826848249027235 0.04101841820151679 0.11811284046692608
41 0.4175081256771398 0.13480544747081713 0.059588299024918745 0.13618677042801555
36 0.26041170097508126 0.4877626459143969 0.05803900325027086 0.14729571984435796
0 0.3288949079089924 0.4912451361867704 0.06035752979414951 0.14313229571984434
26 0.39738894907908995 0.49054474708171203 0.05803900325027086 0.1445330739299611
46 0.46626218851570966 0.49194552529182883 0.05803900325027086 0.1445330739299611
49 0.5328169014084507 0.48986381322957195 0.05648970747562297 0.14591439688715954
5 0.36526543878656553 0.8226848249027238 0.04643553629469122 0.14175097276264592
4 0.41943661971830987 0.8233657587548637 0.06500541711809317 0.14035019455252917