39 0.049946091644204854 0.5174832962138084 0.05231805929919137 0.14412026726057905
47 0.11059299191374664 0.5128953229398664 0.07214285714285715 0.1454120267260579
25 0.3357412398921833 0.5842984409799555 0.07214285714285715 0.16768374164810693
11 0.42136118598382744 0.5816926503340757 0.07055256064690027 0.1598218262806236
0 0.5045956873315364 0.5836525612472161 0.07055256064690027 0.16899777282850778
22 0.5898247978436657 0.5829844097995546 0.07293800539083557 0.1650779510022272
38 0.674245283018868 0.5810244988864143 0.06897574123989218 0.1611358574610245
46 0.46932614555256064 0.17489977728285078 0.049150943396226415 0.13494432071269488
50 0.527978436657682 0.17685968819599107 0.06975741239892183 0.1414922048997773
35 0.8902830188679246 0.5201113585746102 0.04756064690026954 0.14412026726057905
31 0.9485444743935311 0.5161692650334075 0.07373315363881401 0.14935412026726058