45 0.08739892183288409 0.19294849023090585 0.049528301886792456 0.11518650088809945
20 0.14640161725067385 0.19342806394316164 0.06991913746630728 0.11808170515097692
1 0.4446765498652291 0.10223801065719361 0.05316711590296496 0.11614564831261101
25 0.5058490566037736 0.10271758436944937 0.07064690026954178 0.12287744227353464
34 0.05462264150943397 0.5769271758436945 0.050983827493261455 0.11326820603907638
5 0.11690026954177897 0.5774067495559503 0.06919137466307278 0.12575488454706926
47 0.4443126684636119 0.7305150976909414 0.058274932614555255 0.12095914742451154
32 0.5105929919137466 0.7324333925399645 0.07575471698113208 0.13822380106571935
41 0.3128301886792453 0.4252575488454707 0.07357142857142858 0.13438721136767318
12 0.39769541778975737 0.42765541740674956 0.06991913746630728 0.13726465364120782
51 0.4825471698113208 0.42429840142095915 0.07502695417789758 0.1324689165186501
6 0.5681266846361186 0.4233392539964476 0.07429919137466308 0.13438721136767318
48 0.651522911051213 0.42621669626998226 0.07357142857142858 0.13822380106571935