48 0.31707417582417585 0.3293178036605657 0.0732554945054945 0.1261730449251248
24 0.40350274725274726 0.3313976705490848 0.07211538461538461 0.12757071547420964
50 0.49049450549450546 0.3279201331114809 0.07440934065934066 0.12341098169717138
33 0.5752060439560439 0.33277870216306155 0.07211538461538461 0.12479201331114809
14 0.6616346153846154 0.3313976705490848 0.07097527472527473 0.12201331114808651
47 0.8510714285714286 0.47420965058236275 0.05151098901098901 0.11093178036605658
25 0.9128846153846154 0.4721297836938436 0.07440934065934066 0.11231281198003328
44 0.4498626373626374 0.6170216306156405 0.05723901098901099 0.11925124792013311
6 0.517967032967033 0.6170216306156405 0.0835576923076923 0.12479201331114809
36 0.08699175824175824 0.11577371048252912 0.0526510989010989 0.10953410981697172
32 0.14824175824175825 0.11369384359400998 0.07211538461538461 0.11647254575707154