47 0.3282507288629738 0.15543520309477757 0.021510204081632654 0.12059961315280464
46 0.3548804664723032 0.14947775628626692 0.030723032069970842 0.12570599613152802
5 0.5097842565597668 0.44760154738878144 0.020997084548104956 0.12059961315280464
6 0.5359008746355686 0.4493036750483559 0.030215743440233235 0.12740812379110253
42 0.2829271137026239 0.5503868471953579 0.031236151603498543 0.14609284332688588
32 0.3264548104956268 0.8400193423597679 0.02406997084548105 0.1341972920696325
21 0.35564431486880466 0.8468085106382979 0.033288629737609335 0.14779497098646033
42 0.7025889212827988 0.5096131528046423 0.029702623906705538 0.14268858800773693
28 0.739201166180758 0.505357833655706 0.030215743440233235 0.13760154738878144
41 0.776069970845481 0.505357833655706 0.029189504373177844 0.14439071566731143
17 0.8119183673469388 0.5062088974854931 0.030215743440233235 0.14268858800773693
5 0.8487871720116619 0.5087620889748549 0.031236151603498543 0.14779497098646033
38 0.7601982507288629 0.15543520309477757 0.020997084548104956 0.12059961315280464
48 0.7863148688046647 0.15288201160541587 0.031236151603498543 0.12570599613152802
36 0.9414752186588922 0.4501547388781431 0.02406997084548105 0.12911025145067698
32 0.9678483965014577 0.44760154738878144 0.029702623906705538 0.13079303675048357
44 0.7581457725947522 0.8417021276595745 0.02406997084548105 0.1341972920696325
40 0.7875918367346939 0.8408704061895551 0.03379591836734694 0.14609284332688588