45 0.24075443786982248 0.3855824508320726 0.07813609467455622 0.10963691376701966
28 0.33523668639053256 0.3855824508320726 0.07631656804733729 0.11149773071104388
22 0.4274556213017751 0.3865204236006052 0.07721893491124261 0.11520423600605145
14 0.5210207100591716 0.38419062027231465 0.0826775147928994 0.11428139183055977
24 0.6127810650887574 0.38511346444780636 0.07903846153846154 0.10871406959152799
48 0.3892899408284024 0.1110287443267776 0.05541420118343195 0.09384266263237519
43 0.4551627218934911 0.10777609682299545 0.07631656804733729 0.1022087745839637
29 0.3838461538461539 0.6448108925869894 0.060872781065088755 0.10405446293494705
21 0.45742603550295863 0.6475945537065053 0.0826775147928994 0.11335854765506809
40 0.8494526627218936 0.3400605143721634 0.05451183431952663 0.09476550680786687
8 0.9144082840236686 0.34192133131618757 0.07539940828402367 0.09848714069591527