5 0.5010747663551401 0.36094903339191564 0.048887850467289724 0.13789103690685411
4 0.5596728971962617 0.36094903339191564 0.049607476635514014 0.12978910369068541
45 0.6175420560747663 0.36163444639718806 0.04600934579439252 0.12843585237258348
38 0.677570093457944 0.36298769771529 0.051046728971962614 0.12843585237258348
8 0.7350841121495327 0.3623022847100176 0.049607476635514014 0.12708260105448155
0 0.14988785046728972 0.13653778558875218 0.03522429906542056 0.1162565905096661
13 0.19086915887850467 0.13383128295254834 0.049607476635514014 0.1162565905096661
37 0.17217757009345794 0.5143936731107206 0.03666355140186916 0.11221441124780317
49 0.21423364485981308 0.513725834797891 0.05032710280373832 0.12708260105448155
1 0.5912990654205608 0.6631107205623902 0.03954205607476636 0.12572934973637961
33 0.6373084112149532 0.6678383128295254 0.05391588785046729 0.12978910369068541
47 0.8644859813084113 0.5110193321616872 0.03522429906542056 0.11896309314586995
43 0.9068971962616822 0.5157469244288224 0.051046728971962614 0.12031634446397187