41 0.14835347432024168 0.4768810916179337 0.07876132930513595 0.14619883040935672
20 0.24439577039274923 0.4782846003898636 0.08092145015105741 0.14898635477582847
16 0.33880664652567977 0.4775828460038986 0.08200906344410876 0.14481481481481484
0 0.4337462235649547 0.4768810916179337 0.08200906344410876 0.143411306042885
13 0.5287009063444109 0.4775828460038986 0.07768882175226587 0.14758284600389862
45 0.296178247734139 0.8138401559454191 0.06581570996978851 0.1378362573099415
50 0.3706344410876133 0.8110526315789474 0.08740181268882175 0.143411306042885
36 0.29941087613293055 0.12321637426900585 0.05719033232628399 0.1267056530214425
15 0.36685800604229607 0.12391812865497076 0.07768882175226587 0.13366471734892788
43 0.770392749244713 0.42048732943469785 0.05394259818731118 0.12532163742690058
3 0.8367522658610271 0.4191033138401559 0.0766012084592145 0.1280896686159844