45 0.5163348416289593 0.11937625754527163 0.05932126696832579 0.1314486921529175
46 0.5852187028657617 0.11937625754527163 0.08043740573152337 0.13682092555331993
34 0.08144796380090498 0.6586116700201207 0.05429864253393665 0.12609657947686118
32 0.14882352941176472 0.6579476861167002 0.08043740573152337 0.13279678068410464
48 0.5138310708898944 0.8303219315895373 0.06435897435897436 0.1394969818913481
0 0.5872247360482654 0.8303219315895373 0.09049773755656108 0.14219315895372234
8 0.3685218702865762 0.48356136820925555 0.07944193061840121 0.15156941649899397
39 0.46254901960784317 0.48625754527162973 0.07642533936651584 0.15156941649899397
28 0.5570588235294117 0.482897384305835 0.08245852187028657 0.14219315895372234
26 0.6520814479638009 0.4869215291750503 0.07944193061840121 0.14754527162977868
24 0.7481146304675717 0.4855734406438632 0.08043740573152337 0.14754527162977868