41 0.08815756035578144 0.3548387096774194 0.05241423125794155 0.1424731182795699
42 0.14731893265565438 0.3514838709677419 0.0690851334180432 0.14651612903225805
45 0.48284625158831 0.7923440860215054 0.05400254129606099 0.14380645161290323
40 0.544002541296061 0.7856129032258065 0.07306226175349428 0.15455913978494626
28 0.8831003811944091 0.35417204301075267 0.04764930114358323 0.13843010752688173
24 0.9394917407878017 0.3521505376344086 0.06670902160101652 0.14516129032258066
27 0.3613468869123253 0.4200215053763441 0.0698856416772554 0.157247311827957
19 0.44115628970775095 0.41935483870967744 0.06909783989834815 0.1639784946236559
16 0.5197712833545108 0.4200215053763441 0.06432020330368488 0.16531182795698926
17 0.6023634053367217 0.4200215053763441 0.07226175349428209 0.15993548387096776
10 0.6805972045743329 0.4200215053763441 0.06829733163913596 0.15995698924731183