9 0.1206624203821656 0.3759363957597173 0.047414012738853505 0.23752650176678444
8 0.17834394904458598 0.3730035335689046 0.06510828025477707 0.2395053003533569
26 0.459656050955414 0.18943462897526503 0.05024203821656051 0.2336042402826855
17 0.5169808917197452 0.19141342756183746 0.06723566878980893 0.24537102473498232
21 0.7990063694267516 0.3730035335689046 0.04671337579617835 0.2395053003533569
15 0.8563312101910828 0.3730035335689046 0.06510828025477707 0.23166077738515903
43 0.3340382165605096 0.8293992932862191 0.06793630573248408 0.26893992932862193
37 0.41329936305732484 0.8343109540636043 0.06652229299363058 0.27091872791519434
20 0.4929171974522293 0.8284098939929329 0.06723566878980893 0.2630388692579505
44 0.5736050955414013 0.8303886925795053 0.06723566878980893 0.2630388692579505
29 0.6532229299363057 0.8343109540636043 0.06652229299363058 0.2669964664310954