1 0.1555886524822695 0.8036635706914345 0.038120567375886524 0.07739938080495357
5 0.19946808510638298 0.8017337461300309 0.03723404255319149 0.07868937048503612
23 0.24512765957446808 0.8010835913312694 0.038120567375886524 0.07481940144478844
16 0.2885673758865248 0.7991537667698658 0.03634751773049645 0.07352941176470588
48 0.3333333333333333 0.8030237358101135 0.03900709219858156 0.076109391124871
50 0.6826241134751773 0.8004437564499484 0.03723404255319149 0.07352941176470588
41 0.7247375886524823 0.7997936016511867 0.041666666666666664 0.07481940144478844
8 0.7699503546099291 0.7997936016511867 0.038120567375886524 0.07223942208462332
37 0.8147163120567376 0.8010835913312694 0.040780141843971635 0.07481940144478844
1 0.8586028368794327 0.8010835913312694 0.03634751773049645 0.07481940144478844
22 0.6812978723404255 0.24380804953560373 0.03634751773049645 0.07739938080495357
1 0.7256241134751773 0.24251805985552116 0.0398936170212766 0.07997936016511868
7 0.7695035460992907 0.2418782249742002 0.03546099290780142 0.07352941176470588
30 0.8133900709219859 0.24509803921568626 0.03634751773049645 0.07739938080495357
27 0.7504468085106384 0.05804953560371517 0.025709219858156027 0.06707946336429309
25 0.7832482269503547 0.056119711042311664 0.03634751773049645 0.07094943240454077
37 0.5452127659574468 0.33410732714138286 0.028368794326241134 0.0696594427244582
46 0.5771276595744681 0.3328173374613003 0.03723404255319149 0.07739938080495357