3 0.5217837837837838 0.46780241935483874 0.07448648648648648 0.15413306451612904
14 0.6078783783783783 0.46719758064516126 0.07208108108108109 0.15056451612903227
21 0.6907702702702703 0.46600806451612903 0.07128378378378378 0.15056451612903227
2 0.7768648648648648 0.4648185483870968 0.07047297297297297 0.14816532258064516
28 0.8605675675675676 0.46600806451612903 0.07128378378378378 0.14816532258064516
44 0.6551351351351351 0.09917338709677419 0.04966216216216216 0.1242741935483871
40 0.715608108108108 0.09618951612903226 0.06808108108108109 0.12786290322580646
47 0.23306756756756758 0.4068548387096774 0.04966216216216216 0.12546370967741935
49 0.29393243243243244 0.4056653225806452 0.06727027027027027 0.13264112903225808
39 0.651527027027027 0.8143145161290322 0.05686486486486486 0.1397983870967742
36 0.7180000000000001 0.8113306451612904 0.07608108108108108 0.14816532258064516