29 0.3224119241192412 0.3869141531322506 0.07413279132791328 0.17605568445475636
33 0.4076964769647696 0.39443155452436196 0.0709349593495935 0.1774245939675174
12 0.4929810298102981 0.38965197215777264 0.0709349593495935 0.1651508120649652
20 0.577479674796748 0.3876102088167053 0.06934959349593496 0.1774245939675174
44 0.6619647696476965 0.38965197215777264 0.06934959349593496 0.17060324825986078
51 0.06495934959349593 0.5896055684454756 0.05181571815718158 0.15013921113689094
3 0.1243360433604336 0.5936890951276101 0.07173441734417343 0.15832946635730857
42 0.452330623306233 0.7929466357308584 0.058184281842818424 0.16923433874709976
34 0.5200813008130081 0.7881902552204176 0.0773170731707317 0.1651508120649652
37 0.8492682926829268 0.5916473317865429 0.04861788617886179 0.14877030162412994
9 0.9106504065040649 0.5882366589327146 0.0709349593495935 0.15832946635730857