17 0.15197041022192334 0.7495436105476673 0.03652320107599193 0.07672413793103448
16 0.19338937457969066 0.747079107505071 0.03587088096839274 0.07377281947261663
47 0.23546065904505717 0.7480628803245436 0.03652320107599193 0.0777079107505071
32 0.2772024209818426 0.7475760649087221 0.035218560860793544 0.07672413793103448
36 0.3189441829186281 0.7480628803245436 0.03652320107599193 0.07574036511156187
47 0.6489778076664425 0.7475760649087221 0.035218560860793544 0.07278904665314401
35 0.6913718897108271 0.7480628803245436 0.03652320107599193 0.07377281947261663
15 0.7331136516476127 0.747079107505071 0.035218560860793544 0.07377281947261663
12 0.7751849361129792 0.747079107505071 0.03587088096839274 0.07574036511156187
49 0.8172562205783457 0.7475760649087221 0.03391392064559516 0.07475659229208924
48 0.15189643577673168 0.2002738336713996 0.034720914593140556 0.07853955375253549
24 0.1922595830531271 0.20158215010141986 0.03732347007397444 0.07330628803245436
50 0.23521856086079354 0.19962474645030429 0.03645595158036315 0.07461460446247464
3 0.037827841291190316 0.6047160243407708 0.026899798251513115 0.04310344827586207
15 0.06809011432414257 0.601551724137931 0.03698722259583053 0.03930020283975659
21 0.023120376597175522 0.835446247464503 0.0277404169468729 0.06845841784989858
5 0.053382649630127774 0.8335496957403651 0.036146603900470746 0.0697261663286004
30 0.41274377942165436 0.8341784989858012 0.026899798251513115 0.07352941176470588
12 0.44216543375924683 0.8360851926977687 0.03698722259583053 0.06719066937119675
3 0.5367383994620041 0.6180324543610548 0.0277404169468729 0.06719066937119675
18 0.5674176193678547 0.6135902636916836 0.03698722259583053 0.07099391480730223
20 0.8940013449899127 0.6167647058823529 0.029421654337592466 0.06465517241379311
4 0.9255211835911231 0.6161257606490872 0.0386684599865501 0.07352941176470588
23 0.7141089441829187 0.9222920892494929 0.029421654337592466 0.07226166328600406
16 0.7468930733019503 0.9235598377281947 0.039509078681909886 0.07479716024340771