8 0.48877005347593583 0.7895070422535211 0.04349732620320856 0.16119718309859155
7 0.5425989304812834 0.7824647887323943 0.06131550802139037 0.1784037558685446
15 0.1568663101604278 0.31063380281690145 0.03992513368983957 0.1518075117370892
13 0.2057005347593583 0.30828638497652583 0.057754010695187166 0.1565023474178404
30 0.3850267379679144 0.3826291079812207 0.05703743315508021 0.17370892018779344
39 0.825668449197861 0.31220657276995306 0.04135828877005348 0.14553990610328638
0 0.8727272727272727 0.30985915492957744 0.05561497326203209 0.15335680751173708
9 0.4516898395721925 0.3818544600938967 0.05633155080213904 0.17528169014084508
31 0.5194331550802139 0.38028169014084506 0.05633155080213904 0.17528169014084508
37 0.5857433155080214 0.38028169014084506 0.05489839572192513 0.17213615023474177
19 0.6527593582887701 0.37870892018779345 0.05633155080213904 0.17213615023474177