18 0.6674135723431498 0.22210743801652894 0.03841229193341869 0.08006198347107438
19 0.7070294494238157 0.21952479338842976 0.03441101152368758 0.07747933884297521
6 0.7474391805377721 0.22081611570247933 0.03361075544174136 0.08006198347107438
48 0.7874519846350833 0.22146694214876034 0.03681177976952625 0.07618801652892562
1 0.1936619718309859 0.7773760330578512 0.03361075544174136 0.07489669421487603
2 0.23287451984635082 0.7799586776859504 0.03361075544174136 0.07747933884297521
6 0.27368758002560817 0.7793181818181818 0.03361075544174136 0.07877066115702479
24 0.3129001280409731 0.7773760330578512 0.03361075544174136 0.07747933884297521
30 0.35411651728553134 0.7799586776859504 0.03441101152368758 0.07747933884297521
50 0.6678169014084507 0.7793181818181818 0.03281049935979513 0.07360537190082644
41 0.7070294494238157 0.7793181818181818 0.036011523687580024 0.07877066115702479
15 0.7470422535211269 0.7793181818181818 0.03441101152368758 0.07877066115702479
46 0.7890524967989757 0.7773760330578512 0.035211267605633804 0.07747933884297521
5 0.8278681177976953 0.7786673553719008 0.03281049935979513 0.07489669421487603