11 0.6518528428093645 0.7824435318275155 0.035826086956521744 0.07626283367556469
9 0.2410903010033445 0.23158110882956878 0.03759866220735786 0.08379876796714579
25 0.7363277591973244 0.7839425051334702 0.036622073578595316 0.07897330595482546
4 0.6948227424749164 0.7831930184804928 0.03488294314381271 0.07752566735112937
14 0.8198260869565218 0.785441478439425 0.03677591973244147 0.07681724845995892
39 0.19872909698996657 0.22933264887063656 0.03677591973244147 0.07930184804928131
16 0.7788093645484949 0.7839425051334702 0.036501672240802675 0.07840862422997948
35 0.1574715719063545 0.2295277207392197 0.03677591973244147 0.07869609856262834
6 0.7363277591973244 0.23027720739219712 0.03656187290969899 0.07972279260780288
18 0.6513645484949833 0.22858316221765912 0.035217391304347825 0.0765400410677618
19 0.6933578595317725 0.22971252566735115 0.035063545150501675 0.07840862422997948
31 0.22373244147157192 0.043921971252566736 0.028247491638795984 0.06731006160164271
29 0.2538394648829431 0.043357289527720735 0.03642140468227425 0.07301848049281315
19 0.4021270903010033 0.09812114989733059 0.026755852842809364 0.07073921971252567
7 0.43223411371237463 0.09469199178644765 0.037906354515050165 0.07301848049281315
20 0.5411304347826087 0.6525975359342916 0.028247491638795984 0.07073921971252567
8 0.5704882943143813 0.6514579055441478 0.03642140468227425 0.07301848049281315
26 0.5255183946488294 0.871088295687885 0.026755852842809364 0.06731006160164271
22 0.5556254180602006 0.8705133470225873 0.03642140468227425 0.07301848049281315
43 0.9131571906354515 0.8733675564681724 0.027505016722408026 0.06503080082135523
33 0.9428829431438126 0.8705133470225873 0.037906354515050165 0.07301848049281315