14 0.6847012987012987 0.20895043731778426 0.06637662337662338 0.13606413994169098
21 0.6035324675324676 0.20489795918367348 0.06710389610389611 0.1279591836734694
34 0.6038961038961039 0.3806413994169096 0.06925974025974026 0.2202915451895044
29 0.685064935064935 0.38466472303206994 0.06998701298701299 0.20895043731778426
49 0.5205584415584416 0.3806413994169096 0.06854545454545455 0.2170262390670554
0 0.5209220779220779 0.20895043731778426 0.06781818181818182 0.13282798833819243
44 0.4397532467532468 0.2057142857142857 0.06854545454545455 0.13606413994169098
47 0.44083116883116885 0.3838775510204081 0.06925974025974026 0.21379008746355685
41 0.3589480519480519 0.208134110787172 0.06710389610389611 0.13443148688046647
43 0.3589480519480519 0.3822448979591837 0.06854545454545455 0.2105539358600583
36 0.11111688311688311 0.6341107871720116 0.046181818181818185 0.18303206997084548
35 0.16955844155844157 0.6324781341107871 0.06781818181818182 0.1927405247813411
38 0.8625584415584415 0.6341107871720116 0.04833766233766234 0.18626822157434403
1 0.9209999999999999 0.6332944606413994 0.06998701298701299 0.18463556851311952