47 0.4524128686327078 0.10700389105058365 0.052667560321715816 0.13340466926070038
26 0.5132171581769437 0.10422178988326848 0.06894101876675603 0.13340466926070038
1 0.03494638069705094 0.4002140077821012 0.052667560321715816 0.12784046692607004
24 0.0952680965147453 0.3953501945525292 0.06989276139410187 0.1264591439688716
27 0.3207640750670241 0.458579766536965 0.07085790884718499 0.15007782101167316
34 0.4050134048257372 0.458579766536965 0.07085790884718499 0.1445330739299611
21 0.48832439678284184 0.46068093385214004 0.06894101876675603 0.1486964980544747
35 0.5725737265415549 0.458579766536965 0.07085790884718499 0.14729571984435796
23 0.6568364611260054 0.45928015564202335 0.07085790884718499 0.14035019455252917
16 0.8703619302949062 0.4043968871595331 0.0478686327077748 0.12784046692607004
12 0.9292359249329759 0.4002140077821012 0.07180965147453083 0.1306225680933852
36 0.4481099195710456 0.796284046692607 0.05361930294906166 0.13896887159533075
0 0.5151340482573726 0.7935019455252919 0.07851206434316355 0.1445330739299611