13 0.1596907894736842 0.754156976744186 0.032105263157894734 0.06968992248062016
26 0.2019407894736842 0.7547771317829457 0.03379605263157895 0.07093992248062014
38 0.24123026315789475 0.7554069767441861 0.03464473684210526 0.07218023255813953
43 0.2851644736842105 0.7535368217054264 0.03633552631578947 0.0734205426356589
50 0.6484934210526316 0.7547771317829457 0.03464473684210526 0.0734205426356589
3 0.6877828947368422 0.754156976744186 0.03379605263157895 0.06968992248062016
35 0.7300263157894737 0.7547771317829457 0.032105263157894734 0.07093992248062014
40 0.16011842105263158 0.2302325581395349 0.03464473684210526 0.07218023255813953
25 0.20151973684210525 0.2302325581395349 0.03464473684210526 0.07218023255813953
8 0.24250000000000002 0.22961240310077521 0.037177631578947365 0.07093992248062014
24 0.28390131578947364 0.2308527131782946 0.03548684210526316 0.0759108527131783
3 0.22571052631578947 0.5771317829457364 0.025243421052631578 0.06657945736434108
2 0.25388815789473684 0.5758333333333333 0.03580921052631579 0.06916666666666667
21 0.22277631578947368 0.9221124031007752 0.026414473684210526 0.07176356589147287
17 0.2550657894736842 0.9182170542635659 0.04050657894736842 0.07262596899224806