6 0.04758300132802125 0.4869176470588235 0.04942895086321381 0.15032941176470588
4 0.10624169986719788 0.48823529411764705 0.07082337317397078 0.1660235294117647
14 0.3290571049136786 0.5548941176470589 0.07229747675962815 0.17647058823529413
0 0.41316069057104915 0.5555529411764706 0.06934926958831342 0.17778823529411766
32 0.49616201859229747 0.5555529411764706 0.0700929614873838 0.17254117647058823
47 0.5787915006640106 0.5555529411764706 0.06861885790172643 0.1751529411764706
49 0.6629083665338645 0.5542588235294118 0.06861885790172643 0.17778823529411766
36 0.8757503320053122 0.4869176470588235 0.04869853917662683 0.15032941176470588
17 0.9355112881806109 0.4823529411764706 0.06934926958831342 0.15687058823529412
38 0.4600132802124834 0.12745882352941176 0.05237715803452855 0.15032941176470588
44 0.5201460823373174 0.12418823529411765 0.07082337317397078 0.16209411764705883