7 0.46250797024442086 0.7708466135458166 0.05917109458023379 0.07394422310756972
6 0.5275982996811902 0.7703884462151395 0.057194473963868224 0.0730179282868526
35 0.5956429330499469 0.7694621513944223 0.057194473963868224 0.07116533864541832
3 0.6621997874601487 0.771304780876494 0.05620616365568544 0.07487051792828685
22 0.7292667375132837 0.7703884462151395 0.05818278427205101 0.07671314741035856
29 0.4610308182784272 0.23153386454183267 0.052263549415515406 0.07487051792828685
20 0.5285759829968119 0.2333764940239044 0.057194473963868224 0.07487051792828685
40 0.5946546227417642 0.23199203187250994 0.057194473963868224 0.07394422310756972
41 0.6617109458023379 0.2333764940239044 0.057194473963868224 0.0730179282868526
48 0.7277789585547291 0.2333764940239044 0.057194473963868224 0.07671314741035856
38 0.5661317747077578 0.05094621513944223 0.0410201912858661 0.05960159362549801
34 0.614335812964931 0.04950199203187251 0.055377258235919234 0.06632470119521913
14 0.8497130712008502 0.10381474103585658 0.04205100956429331 0.06536852589641434
9 0.8974070138150904 0.10333665338645419 0.05743889479277364 0.06440239043824701
51 0.28409139213602547 0.6416334661354582 0.043071200850159405 0.06440239043824701
4 0.33178533475026567 0.6425896414342629 0.05845908607863974 0.07016932270916335
33 0.5651115834218916 0.578187250996016 0.0410201912858661 0.04133466135458167
34 0.6138257173219979 0.5757868525896415 0.06051009564293305 0.038446215139442234