46 0.4547987288135593 0.7066212534059945 0.05649364406779661 0.20708446866485014
24 0.5208368644067797 0.7066212534059945 0.054375 0.19980926430517712
40 0.5872139830508475 0.7075476839237058 0.055794491525423734 0.20525885558583107
16 0.6532521186440677 0.7057220708446866 0.05649364406779661 0.20525885558583107
30 0.7203389830508474 0.7057220708446866 0.05508474576271186 0.2016348773841962
38 0.5589724576271186 0.20798365122615803 0.04025423728813559 0.16893732970027248
22 0.6077012711864407 0.20618528610354223 0.057203389830508475 0.1907356948228883
36 0.2288135593220339 0.6239782016348774 0.04096398305084746 0.17256130790190735
4 0.2771927966101695 0.6230790190735694 0.057203389830508475 0.18528610354223432
49 0.8894809322033898 0.6239782016348774 0.03884533898305085 0.1762125340599455
0 0.9375 0.6185286103542235 0.055794491525423734 0.18711171662125342