47 0.4002828854314003 0.13567514677103718 0.05562942008486563 0.13307240704500978
46 0.4625176803394625 0.12655577299412915 0.0744978783592645 0.12784735812133072
5 0.8392220650636493 0.42726027397260274 0.0546958981612447 0.12655577299412915
6 0.9047666195190948 0.42661448140900193 0.07637906647807638 0.13046966731898238
29 0.26025459688826025 0.487279843444227 0.07355021216407355 0.14741682974559686
8 0.3488967468175389 0.487279843444227 0.07355021216407355 0.15003913894324852
42 0.4375247524752475 0.4879256360078278 0.07355021216407355 0.1461252446183953
14 0.5271145685997172 0.487279843444227 0.07543140028288543 0.15264187866927592
4 0.6143281471004243 0.4879256360078278 0.0744978783592645 0.1461252446183953
32 0.3955728429985856 0.8271428571428572 0.0594059405940594 0.14350293542074363
21 0.4648797736916549 0.821917808219178 0.08108910891089109 0.14350293542074363