33 0.4528967642526965 0.5110873786407767 0.08254237288135594 0.14840776699029126
48 0.5475500770416025 0.5083300970873786 0.08033898305084745 0.14840776699029126
15 0.646055469953775 0.5083300970873786 0.08144838212634822 0.14285436893203882
7 0.7434514637904468 0.509009708737864 0.0847457627118644 0.14425242718446604
40 0.8381047765793528 0.5069320388349514 0.08254237288135594 0.14563106796116504
47 0.6042218798151001 0.15603883495145632 0.057226502311248074 0.1234368932038835
35 0.6719106317411402 0.15464077669902912 0.08254237288135594 0.13454368932038835
13 0.5987211093990755 0.8432815533980583 0.061633281972265024 0.13592233009708737
14 0.6746687211093991 0.8405048543689321 0.09024653312788906 0.14425242718446604
38 0.12217257318952235 0.45145631067961167 0.05942989214175655 0.13176699029126213
3 0.19315870570107857 0.44937864077669903 0.07813559322033899 0.12759223300970873