47 0.37353584447144594 0.48353057199211047 0.06454434993924665 0.1457199211045365
11 0.44995139732685296 0.48353057199211047 0.06602673147023087 0.14812623274161735
3 0.5271081409477522 0.48232741617357 0.06306196840826245 0.14812623274161735
31 0.6024179829890645 0.4829191321499014 0.06380315917375455 0.1469230769230769
22 0.6795747266099635 0.48353057199211047 0.06528554070473876 0.1457199211045365
33 0.11499392466585662 0.42270216962524654 0.04600243013365735 0.12765285996055226
29 0.16878493317132442 0.42149901380670607 0.06157958687727825 0.132465483234714
37 0.49409477521263667 0.12463510848126232 0.04600243013365735 0.1216370808678501
20 0.5486269744835965 0.1216370808678501 0.06306196840826245 0.13005917159763314
45 0.8720899149453221 0.4233136094674556 0.04526123936816525 0.12644970414201184
32 0.9262454434993924 0.4209072978303748 0.06306196840826245 0.13366863905325443
40 0.49113001215066826 0.824930966469428 0.05044957472660997 0.13487179487179488
0 0.551591737545565 0.8243392504930966 0.07047387606318348 0.14812623274161735