1 0.2504940923737916 0.4893702290076336 0.057540279269602576 0.14177480916030535
26 0.3187862513426423 0.4879961832061069 0.05446831364124597 0.14177480916030535
24 0.385531686358754 0.4859541984732824 0.057540279269602576 0.1431297709923664
42 0.45496240601503757 0.490057251908397 0.058313641245972075 0.1458587786259542
8 0.5213319011815253 0.4893702290076336 0.05600429645542428 0.14177480916030535
2 0.644468313641246 0.2412786259541985 0.039892588614393126 0.11723282442748091
42 0.867733619763695 0.24196564885496186 0.03835660580021483 0.11858778625954199
33 0.9152953813104189 0.2412786259541985 0.05983888292158969 0.12812977099236642
18 0.6924167561761546 0.2412786259541985 0.057540279269602576 0.12812977099236642
39 0.8420300751879699 0.6297709923664122 0.042201933404940925 0.07906488549618321
45 0.8907518796992481 0.6515839694656489 0.05370569280343716 0.12812977099236642
33 0.3552201933404941 0.8171946564885496 0.04450053705692803 0.13223282442748094
20 0.40816326530612246 0.8151526717557251 0.05983888292158969 0.13904580152671756
37 0.0479484425349087 0.6549809160305343 0.04066595059076262 0.13223282442748094
45 0.09513426423200859 0.6515839694656489 0.058313641245972075 0.1308587786259542