38 0.16816417910447762 0.4146825396825397 0.055716417910447756 0.12301587301587301
2 0.23582089552238805 0.4126984126984127 0.07761194029850746 0.13228174603174603
41 0.6333283582089552 0.11374999999999999 0.05473134328358209 0.12434523809523809
1 0.7019850746268657 0.10779761904761904 0.08059701492537313 0.13625
27 0.4870597014925373 0.47355158730158725 0.07861194029850746 0.14549603174603173
5 0.5805970149253732 0.47355158730158725 0.08059701492537313 0.14549603174603173
33 0.674134328358209 0.4748611111111111 0.07861194029850746 0.1481547619047619
14 0.7671641791044777 0.4742063492063492 0.07959701492537313 0.14682539682539683
45 0.8616865671641791 0.47355158730158725 0.07959701492537313 0.14549603174603173
51 0.6288507462686567 0.8168055555555556 0.0616865671641791 0.1388888888888889
35 0.7049701492537314 0.8108531746031746 0.08855223880597014 0.14549603174603173