36 0.49897908979089795 0.12901768172888017 0.046740467404674045 0.12705304518664048
35 0.554329643296433 0.13031434184675836 0.06559655596555965 0.137524557956778
2 0.11602706027060271 0.4269744597249509 0.045104551045510456 0.1231237721021611
0 0.17056580565805657 0.42829076620825146 0.06396063960639606 0.13098231827111984
22 0.37761377613776137 0.4846168958742632 0.06642066420664207 0.1519253438113949
8 0.455510455104551 0.4846168958742632 0.06478474784747848 0.14406679764243616
1 0.5309594095940959 0.48526522593320237 0.06478474784747848 0.14538310412573674
14 0.6088560885608856 0.4885461689587426 0.06478474784747848 0.14931237721021612
11 0.6867527675276753 0.48722986247544203 0.06478474784747848 0.14669941060903732
39 0.49733087330873305 0.824499017681729 0.05166051660516605 0.14277013752455797
34 0.5576014760147602 0.8277603143418467 0.06888068880688807 0.14931237721021612
38 0.8819188191881919 0.42893909626719057 0.046740467404674045 0.13227897838899802
30 0.9376752767527676 0.4256777996070727 0.06642066420664207 0.12834970530451867