8 0.3296094839609484 0.43775933609958506 0.07345885634588564 0.15352697095435686
35 0.4160808926080892 0.4370746887966805 0.07716875871687587 0.1521369294605809
34 0.5044211994421199 0.43636929460580914 0.07531380753138076 0.1507676348547718
33 0.594602510460251 0.4405186721991701 0.07345885634588564 0.1562863070539419
6 0.6815481171548118 0.43844398340248963 0.07624825662482566 0.15491701244813277
37 0.06369595536959553 0.6147925311203319 0.05114365411436542 0.12863070539419086
36 0.12552301255230125 0.6120331950207469 0.07437935843793585 0.1424688796680498
45 0.46397489539748954 0.7952904564315353 0.059511854951185494 0.14383817427385892
17 0.5309205020920502 0.7904564315352697 0.08368200836820083 0.1507676348547718
44 0.8730822873082287 0.6154979253112034 0.053933054393305445 0.13278008298755187
16 0.9358437935843794 0.6175726141078839 0.07531380753138076 0.1479875518672199