44 0.18608304498269895 0.48931558935361213 0.03823529411764706 0.14180608365019012
1 0.2284636678200692 0.4884410646387833 0.03505190311418685 0.1400570342205323
46 0.2727543252595156 0.4875665399239543 0.03823529411764706 0.14180608365019012
25 0.3157716262975779 0.4849429657794677 0.037598615916955014 0.13655893536121672
36 0.3594256055363322 0.4866920152091255 0.03823529411764706 0.1435551330798479
50 0.6991003460207613 0.49019011406844104 0.03696193771626297 0.14705323193916348
49 0.7417993079584776 0.4884410646387833 0.03823529411764706 0.14705323193916348
19 0.7851280276816609 0.48581749049429657 0.03696193771626297 0.13830798479087453
10 0.8287820069204151 0.48931558935361213 0.037598615916955014 0.14180608365019012
36 0.8714809688581314 0.48931558935361213 0.03632525951557094 0.1488022813688213
27 0.06928719723183391 0.2417680608365019 0.026740484429065743 0.11754752851711027
10 0.10113494809688581 0.2417680608365019 0.03792387543252595 0.1282319391634981
47 0.25453287197231833 0.14091254752851712 0.026740484429065743 0.12422053231939165
16 0.28541176470588236 0.14226235741444868 0.03501038062283737 0.12155893536121673
38 0.2530795847750865 0.816787072243346 0.02966089965397924 0.1375855513307985
0 0.28638062283737026 0.8161216730038022 0.041813148788927335 0.14692015209125475