3 0.3825976845151954 0.2059375 0.02609985528219971 0.14947115384615384
31 0.41488422575976847 0.20310096153846152 0.03846599131693198 0.16430288461538461
36 0.39976845151953694 0.7239423076923077 0.02678726483357453 0.14947115384615384
47 0.43136758321273516 0.7222355769230769 0.037778581765557165 0.15973557692307694
11 0.1179739507959479 0.5168509615384616 0.03743849493487699 0.18026442307692306
34 0.1639942112879884 0.5168509615384616 0.03880607814761216 0.18254807692307692
39 0.20898697539797395 0.5117307692307692 0.038125904486251805 0.16314903846153847
18 0.2546671490593343 0.5168509615384616 0.038125904486251805 0.18254807692307692
19 0.29965991316931984 0.5168509615384616 0.038125904486251805 0.18254807692307692
37 0.7258393632416787 0.07987980769230768 0.026931982633863965 0.15550480769230768
14 0.7587047756874096 0.08146634615384615 0.0381548480463097 0.1523076923076923
35 0.9190014471780028 0.20396634615384615 0.02789435600578871 0.15016826923076923
19 0.9507380607814762 0.20449519230769228 0.0394356005788712 0.16189903846153844
16 0.6541823444283648 0.5170913461538462 0.03751085383502171 0.18211538461538462
30 0.6990665701881331 0.5170913461538462 0.0394356005788712 0.1778605769230769
9 0.7452387843704776 0.5144230769230769 0.03879160636758321 0.17040865384615383
23 0.7904413892908828 0.5181490384615385 0.0381548480463097 0.1778605769230769
25 0.8353256150506513 0.5181490384615385 0.03751085383502171 0.1778605769230769