11 0.6422046703296703 0.8129133858267716 0.03635989010989011 0.08309336332958381
3 0.6844848901098901 0.81429696287964 0.03635989010989011 0.08586051743532058
13 0.7284546703296704 0.8122159730033746 0.03635989010989011 0.08170978627671541
21 0.7719986263736264 0.8136107986501687 0.03720467032967033 0.08447694038245218
7 0.8130082417582417 0.8136107986501687 0.03635989010989011 0.08170978627671541
5 0.6422046703296703 0.20842519685039368 0.03635989010989011 0.08724409448818898
4 0.6849038461538461 0.2070416197975253 0.03889423076923077 0.08170978627671541
45 0.7276098901098902 0.20496062992125985 0.03973901098901099 0.08309336332958381
1 0.13317307692307692 0.20634420697412822 0.038049450549450546 0.08586051743532058
16 0.17587912087912086 0.20564679415073114 0.03551510989010989 0.08170978627671541
30 0.2185782967032967 0.2070416197975253 0.038049450549450546 0.08447694038245218
46 0.7099931318681318 0.608830146231721 0.027472527472527472 0.06749156355455568
48 0.7404739010989012 0.608132733408324 0.03691620879120879 0.07733408323959505
44 0.8932898351648353 0.6671878515185602 0.030048076923076924 0.07733408323959505
30 0.9229052197802198 0.6664791901012374 0.03777472527472527 0.0703037120359955