46 0.0831979695431472 0.28582125603864733 0.04794416243654823 0.15297101449275363
34 0.141002538071066 0.28381642512077293 0.06767766497461929 0.1570048309178744
0 0.3525126903553299 0.35963768115942024 0.06626903553299492 0.182512077294686
47 0.43218274111675126 0.3582850241545894 0.06626903553299492 0.1771256038647343
37 0.5118401015228426 0.36031400966183574 0.06767766497461929 0.17847826086956523
15 0.5918654822335025 0.35963768115942024 0.06838832487309644 0.17980676328502415
31 0.6718781725888325 0.35896135265700485 0.06626903553299492 0.18115942028985507
36 0.8728172588832487 0.2864975845410628 0.04794416243654823 0.15432367149758455
12 0.9292131979695432 0.2864975845410628 0.06486040609137056 0.15968599033816425
38 0.47376903553299493 0.7709420289855072 0.05217005076142132 0.16772946859903382
18 0.5386294416243654 0.7729468599033816 0.07473350253807107 0.17176328502415458