36 0.3960276073619632 0.4518371212121212 0.08216257668711656 0.1407007575757576
49 0.494079754601227 0.4525189393939394 0.08107361963190184 0.1447537878787879
23 0.5915797546012269 0.4525189393939394 0.08107361963190184 0.13662878787878788
24 0.6869018404907976 0.4525189393939394 0.07888036809815951 0.13662878787878788
14 0.7822085889570553 0.45386363636363636 0.07888036809815951 0.1393371212121212
40 0.070659509202454 0.39638257575757574 0.058067484662576684 0.11634469696969697
32 0.13912576687116562 0.3950189393939394 0.07888036809815951 0.12445075757575756
39 0.5488650306748466 0.1109280303030303 0.059156441717791414 0.12176136363636365
0 0.6167791411042944 0.10958333333333334 0.07888036809815951 0.12445075757575756
37 0.5461196319018404 0.7785416666666667 0.06682515337423313 0.13123106060606063
13 0.6222546012269938 0.7819318181818182 0.08763803680981595 0.1433901515151515