32 0.4558375 0.11342323651452282 0.046662499999999996 0.1300207468879668
29 0.5120875 0.11342323651452282 0.06583750000000001 0.14107883817427386
36 0.0654125 0.4336099585062241 0.0475 0.13692946058091288
19 0.12166249999999999 0.4315352697095436 0.0666625 0.1383195020746888
44 0.84375 0.42877593360995847 0.0475 0.1300207468879668
2 0.9 0.42531120331950206 0.0633375 0.13139004149377592
26 0.33208750000000004 0.4910165975103734 0.0691625 0.1521369294605809
10 0.4095875 0.4944605809128631 0.0641625 0.1507676348547718
49 0.48791249999999997 0.4930912863070539 0.0675 0.1479875518672199
48 0.5675 0.4930912863070539 0.065 0.15352697095435686
30 0.645 0.4930912863070539 0.0633375 0.15352697095435686