8 0.059231788079470195 0.22456692913385828 0.0507682119205298 0.16913385826771654
4 0.11773509933774834 0.22236220472440946 0.06622516556291391 0.17351706036745407
16 0.3414304635761589 0.30183727034120733 0.06769536423841059 0.1983202099737533
12 0.42309933774834435 0.3011023622047244 0.06769536423841059 0.1910236220472441
26 0.5080927152317881 0.2989238845144357 0.06990728476821192 0.19246719160104986
48 0.5912450331125828 0.3025721784776903 0.06843708609271523 0.1968503937007874
42 0.6747549668874172 0.30183727034120733 0.06916556291390728 0.19538057742782153
35 0.8855761589403973 0.22818897637795274 0.04782781456953642 0.16477690288713912
31 0.9440794701986754 0.22162729658792651 0.07063576158940398 0.16913385826771654
29 0.4676291390728477 0.748766404199475 0.05666225165562914 0.18811023622047243
25 0.5342119205298013 0.7502099737532808 0.07652980132450331 0.1968503937007874