1 0.18396469789545147 0.677590206185567 0.03566870332654447 0.09576030927835052
5 0.22625933469110657 0.6756572164948453 0.03566870332654447 0.09382731958762887
23 0.2690631364562118 0.6771134020618558 0.03771215207060421 0.09672680412371135
16 0.31084860828241684 0.677590206185567 0.03566870332654447 0.09769329896907217
48 0.35314324507807193 0.6780798969072166 0.03465037338764426 0.09479381443298969
50 0.6870739986422267 0.6780927835051547 0.03671418873048201 0.09711340206185567
41 0.7295044127630685 0.6798067010309278 0.036116768499660556 0.09826030927835051
8 0.771337406653089 0.6780927835051547 0.035512559402579774 0.0993943298969072
37 0.8143788187372708 0.6780927835051547 0.034908350305498985 0.09711340206185567
1 0.8556076035302104 0.678659793814433 0.035512559402579774 0.09596649484536082
26 0.06977596741344196 0.5104510309278351 0.024894772572980315 0.07302835051546391
19 0.10032586558044806 0.509020618556701 0.03620502376103191 0.09020618556701031
41 0.25118805159538354 0.44458762886597936 0.025648336727766462 0.08161082474226804
42 0.28249151391717586 0.44315721649484535 0.0384725050916497 0.08734536082474227
39 0.2500543109300747 0.9013402061855671 0.029416157501697217 0.09306701030927834
3 0.28211812627291244 0.900631443298969 0.04073319755600815 0.09737113402061856