18 0.3402777777777778 0.5427142857142857 0.07108333333333333 0.17788095238095236
2 0.4272916666666666 0.5406190476190477 0.07026388888888889 0.18207142857142858
3 0.5138888888888888 0.5441190476190476 0.07188888888888889 0.17507142857142857
10 0.6021249999999999 0.5420238095238096 0.07352777777777778 0.1792619047619048
8 0.6903611111111111 0.5434285714285715 0.07352777777777778 0.17366666666666666
37 0.8484444444444444 0.23809523809523808 0.0547361111111111 0.16526190476190475
50 0.9093194444444445 0.2339047619047619 0.07188888888888889 0.15966666666666668
0 0.10784722222222223 0.23600000000000002 0.05229166666666667 0.15266666666666667
33 0.16952777777777778 0.2345952380952381 0.07434722222222222 0.1610714285714286
38 0.07475 0.75 0.0547361111111111 0.15545238095238098
34 0.13766666666666666 0.7450952380952381 0.07108333333333333 0.15407142857142855