44 0.30796557120500784 0.13024436090225566 0.061486697965571206 0.12620300751879698
32 0.3783881064162754 0.13090225563909774 0.0815962441314554 0.13291353383458646
48 0.15314553990610327 0.47328947368421054 0.08272300469483568 0.13828947368421052
41 0.2498278560250391 0.47462406015037595 0.079358372456964 0.13828947368421052
5 0.3515492957746479 0.47328947368421054 0.0838341158059468 0.13828947368421052
6 0.44768388106416274 0.47595864661654136 0.079358372456964 0.14097744360902256
43 0.5449295774647887 0.47328947368421054 0.079358372456964 0.13828947368421052
36 0.7964475743348983 0.4162218045112782 0.06370892018779342 0.12084586466165415
12 0.8668701095461658 0.41755639097744357 0.0838341158059468 0.128890977443609
45 0.3034898278560251 0.8008834586466165 0.06594679186228482 0.1356015037593985
33 0.38117370892018776 0.7975375939849625 0.09165884194053209 0.14231203007518795