5 0.1468519758874749 0.23294472361809046 0.03524447421299397 0.07554773869346734
24 0.18838580040187541 0.23231155778894472 0.03440723375753516 0.07429145728643216
13 0.2303415941058272 0.22978894472361808 0.03440723375753516 0.07680402010050251
1 0.27314132618888143 0.23231155778894472 0.03608171466845278 0.07429145728643216
2 0.31509711989283323 0.23042211055276382 0.03608171466845278 0.0730251256281407
15 0.6432016075016744 0.231678391959799 0.03608171466845278 0.07554773869346734
16 0.6851574012056263 0.23231155778894472 0.03608171466845278 0.07429145728643216
37 0.7271198928332216 0.2285326633165829 0.03440723375753516 0.06925628140703517
33 0.14643000669792364 0.7743718592964824 0.03440723375753516 0.0730251256281407
29 0.18838580040187541 0.7743718592964824 0.03440723375753516 0.07554773869346734
36 0.23076356329537842 0.7756281407035176 0.036918955123911586 0.08058291457286433
28 0.27230408573342263 0.7749949748743719 0.03608171466845278 0.07680402010050251
34 0.6436235766912257 0.7749949748743719 0.03860013395847287 0.07680402010050251
40 0.6855793703951776 0.7756281407035176 0.03524447421299397 0.07807035175879398
7 0.7271198928332216 0.773105527638191 0.03608171466845278 0.07554773869346734
32 0.769490957803081 0.7743718592964824 0.03524447421299397 0.07554773869346734
39 0.710060281312793 0.04974874371859297 0.02505023442732753 0.06855276381909547
12 0.739531145344943 0.04974874371859297 0.0348760884125921 0.07002010050251256
36 0.903596784996651 0.31841206030150754 0.026034829202947085 0.0648643216080402
4 0.9333154722036169 0.316572864321608 0.03536503683858004 0.07149748743718592