11 0.12885931558935362 0.29017369727047143 0.046476552598225605 0.15853598014888337
8 0.18482889733840305 0.28674937965260544 0.06830164765525983 0.15990074441687344
34 0.39818757921419523 0.3653101736972705 0.06830164765525983 0.18471464019851117
10 0.4780988593155894 0.36739454094292806 0.0661850443599493 0.18610421836228289
30 0.5573130544993663 0.3653101736972705 0.06689480354879594 0.1902481389578164
44 0.6372370088719899 0.3653101736972705 0.0661850443599493 0.18471464019851117
25 0.7160963244613435 0.3639454094292804 0.06759188846641317 0.18196029776674938
46 0.916768060836502 0.28674937965260544 0.046476552598225605 0.17094292803970224
32 0.969936628643853 0.2853598014888337 0.057034220532319393 0.16818858560794045
3 0.5178833967046895 0.7926550868486353 0.05422053231939163 0.17094292803970224
1 0.5808998732572876 0.7878411910669976 0.07041825095057035 0.18059553349875931