14 0.15487558843308677 0.22692822966507176 0.03850706119704102 0.07504306220095694
11 0.19673167451244117 0.22752153110047846 0.03515803631472764 0.06909090909090909
29 0.23984532616005377 0.2287177033492823 0.03599865501008743 0.07147368421052631
2 0.28128446536650975 0.22633492822966508 0.03515803631472764 0.07147368421052631
15 0.3239744451916611 0.2281244019138756 0.036832548755884334 0.07742583732057416
34 0.15487558843308677 0.7457129186602871 0.036832548755884334 0.07623923444976077
21 0.19714862138533962 0.7427368421052631 0.03599865501008743 0.07266985645933015
5 0.239004707464694 0.7451196172248804 0.03767316745124412 0.07028708133971293
41 0.6525554808338938 0.7439234449760765 0.03599865501008743 0.07504306220095694
2 0.6952521856086079 0.7451196172248804 0.03599865501008743 0.07028708133971293
26 0.7383658372562206 0.7439234449760765 0.036832548755884334 0.07266985645933015
38 0.7798049764626764 0.7439234449760765 0.03767316745124412 0.07266985645933015
21 0.8216610625420309 0.7451196172248804 0.03264963012777404 0.07266985645933015
31 0.6525554808338938 0.22633492822966508 0.03599865501008743 0.06909090909090909
32 0.6960860793544048 0.22752153110047846 0.03767316745124412 0.07385645933014355
24 0.7375252185608608 0.22692822966507176 0.036832548755884334 0.07028708133971293
1 0.780221923335575 0.22752153110047846 0.03515803631472764 0.06909090909090909
46 0.8225016812373906 0.22633492822966508 0.03767316745124412 0.07147368421052631
50 0.9152320107599193 0.2975885167464115 0.028137188971082718 0.03679425837320575
42 0.9452723604572965 0.29434449760765546 0.036503026227303295 0.04111961722488038
37 0.8988836583725622 0.10388516746411483 0.02737726967047747 0.06060287081339713
17 0.9285406859448554 0.10225837320574163 0.03498318762609281 0.06817224880382775
42 0.5251109616677875 0.8267464114832537 0.026617350369872225 0.06492822966507177
14 0.55591123066577 0.8240478468899521 0.03802286482851379 0.06384688995215311
37 0.7190316072629456 0.5713684210526316 0.026617350369872225 0.06276555023923445
27 0.7490719569603227 0.5686602870813398 0.03802286482851379 0.06600956937799043
47 0.9137121721587088 0.8267464114832537 0.026617350369872225 0.05843062200956938
22 0.9441358439811702 0.8245837320574163 0.037262945527908535 0.06925358851674641