42 0.3842322580645161 0.8426014760147601 0.05463225806451613 0.12706642066420665
30 0.45015483870967743 0.8452029520295203 0.07721290322580646 0.14477859778597785
22 0.2614967741935484 0.5228413284132841 0.06846451612903226 0.1416420664206642
47 0.3427096774193549 0.5233763837638377 0.06774193548387097 0.13643911439114392
44 0.42393548387096774 0.524409594095941 0.06846451612903226 0.13643911439114392
5 0.5040516129032258 0.5223247232472326 0.06846451612903226 0.13643911439114392
24 0.5852645161290322 0.524409594095941 0.06774193548387097 0.13643911439114392
36 0.38860645161290325 0.1906088560885609 0.0488 0.11666051660516605
45 0.4468774193548387 0.18695571955719556 0.06628387096774194 0.11977859778597787
35 0.7899483870967743 0.47389298892988935 0.050258064516129033 0.12289667896678967
34 0.8496774193548388 0.4640036900369004 0.0648258064516129 0.11769372693726937