26 0.16760225669957687 0.7486281929990539 0.037778561354019746 0.0692809839167455
22 0.21207334273624825 0.7486281929990539 0.037778561354019746 0.0692809839167455
37 0.255345557122708 0.7476631977294229 0.036339915373765866 0.06863765373699149
50 0.6898942172073342 0.7483349101229896 0.036671368124118475 0.06841059602649006
3 0.7343018335684062 0.7483349101229896 0.034950634696755994 0.07148533585619679
35 0.7784273624823695 0.7479470198675497 0.0372425952045134 0.06764427625354778
28 0.8228349788434415 0.7479470198675497 0.035528913963328634 0.0691863765373699
32 0.8672425952045134 0.7467928098391675 0.0372425952045134 0.06841059602649006
43 0.6898942172073342 0.23598864711447493 0.03896332863187588 0.0661116367076632
14 0.7337306064880114 0.23790917691579944 0.038392101551480956 0.07148533585619679
15 0.7787094499294782 0.23676442762535477 0.036671368124118475 0.0691863765373699
40 0.23423131170662906 0.402081362346263 0.03123413258110014 0.07162724692526017
21 0.27050070521861774 0.40140964995269635 0.04332157968970381 0.07839167455061495