26 0.9349282296650717 0.11776315789473685 0.05167464114832536 0.09868421052631579
44 0.22727272727272727 0.8289473684210527 0.05071770334928229 0.10263157894736842
1 0.2851674641148325 0.8302631578947368 0.049760765550239235 0.1
46 0.3478468899521531 0.8289473684210527 0.05071770334928229 0.09736842105263158
25 0.408133971291866 0.8302631578947368 0.05071770334928229 0.09736842105263158
36 0.46746411483253586 0.8302631578947368 0.05263157894736842 0.09736842105263158
9 0.22631578947368422 0.11776315789473685 0.05263157894736842 0.09605263157894736
28 0.28708133971291866 0.11907894736842105 0.05167464114832536 0.1013157894736842
31 0.34688995215311 0.11776315789473685 0.04880382775119617 0.09868421052631579
7 0.40669856459330145 0.11710526315789474 0.049760765550239235 0.09736842105263158
48 0.46746411483253586 0.11907894736842105 0.04880382775119617 0.09868421052631579
27 0.7545454545454545 0.2131578947368421 0.03732057416267943 0.05
18 0.7980861244019138 0.2125 0.049760765550239235 0.056578947368421055
43 0.9851674641148326 0.11710526315789474 0.027751196172248804 0.1