45 0.30868357487922704 0.40136465324384785 0.06322463768115942 0.1631767337807606
19 0.38434782608695656 0.40268456375838924 0.06393719806763284 0.1631767337807606
15 0.46106280193236715 0.40136465324384785 0.06393719806763284 0.16581655480984342
35 0.5353140096618357 0.4020357941834452 0.06464975845410628 0.164496644295302
27 0.611328502415459 0.39874720357941834 0.06322463768115942 0.16053691275167786
32 0.10620772946859904 0.11317673378076064 0.04759661835748792 0.14476510067114093
17 0.16055555555555556 0.10659955257270694 0.0653623188405797 0.14738255033557046
20 0.07743961352657006 0.5921923937360178 0.04830917874396135 0.14738255033557046
14 0.13249999999999998 0.5915212527964206 0.06464975845410628 0.15395973154362413
34 0.7764975845410629 0.5671812080536913 0.04688405797101449 0.0815883668903803
21 0.8301328502415459 0.5652125279642058 0.058961352657004834 0.0934228187919463