1 0.13005303030303028 0.24015312131919905 0.04124242424242424 0.09292108362779741
16 0.17845454545454545 0.23949352179034158 0.040401515151515154 0.09161366313309777
30 0.22516666666666668 0.24015312131919905 0.04293181818181818 0.09292108362779741
48 0.2727272727272727 0.23949352179034158 0.042090909090909095 0.08637220259128386
1 0.1296287878787879 0.8748881036513545 0.040401515151515154 0.08506478209658422
26 0.17718939393939392 0.8755359246171968 0.04124242424242424 0.08637220259128386
24 0.22475 0.8768433451118964 0.040401515151515154 0.09422850412249706
5 0.6910757575757576 0.23949352179034158 0.038719696969696966 0.08637220259128386
4 0.7394772727272727 0.24080094228504123 0.04293181818181818 0.09161366313309777
45 0.7874545454545455 0.23818610129564194 0.04124242424242424 0.08899882214369847
38 0.8329090909090909 0.2388457008244994 0.03956060606060606 0.08506478209658422
8 0.8817348484848485 0.24080094228504123 0.04124242424242424 0.08637220259128386
0 0.4065909090909091 0.08780918727915193 0.03015909090909091 0.07816254416961131
13 0.4400075757575757 0.08689045936395759 0.03903030303030303 0.08
37 0.4234469696969697 0.34159010600706713 0.02956818181818182 0.07631330977620732
49 0.45803787878787877 0.3402120141342756 0.04199242424242424 0.08275618374558305