43 0.32371775417298937 0.0951334702258727 0.05664643399089529 0.13552361396303902
3 0.3920030349013657 0.09377823408624231 0.0819423368740516 0.14100616016427106
36 0.7966616084977238 0.40451745379876797 0.05564491654021245 0.130041067761807
16 0.8644461305007587 0.4024640657084189 0.0819423368740516 0.13141683778234087
29 0.17552352048558423 0.46611909650924027 0.0819423368740516 0.15743326488706366
38 0.2706069802731411 0.46611909650924027 0.0819423368740516 0.15195071868583163
0 0.36570561456752654 0.465441478439425 0.0819423368740516 0.1533264887063655
47 0.4597875569044006 0.465441478439425 0.07992412746585736 0.1533264887063655
4 0.5553869499241275 0.46611909650924027 0.07890743550834597 0.15468172484599588
50 0.32220030349013656 0.8186242299794662 0.06575113808801214 0.14784394250513347
42 0.3950379362670713 0.8172484599589322 0.08599393019726859 0.1451129363449692