38 0.6070422535211267 0.1282051282051282 0.05352112676056338 0.12755424063116372
31 0.6704225352112676 0.1249112426035503 0.07511267605633802 0.13674556213017752
43 0.1694788732394366 0.4247140039447732 0.05352112676056338 0.12096646942800789
42 0.2319295774647887 0.42341222879684415 0.07511267605633802 0.1288560157790927
12 0.46807042253521125 0.4838856015779093 0.0741830985915493 0.14201183431952663
30 0.5563380281690141 0.4832347140039448 0.07042253521126761 0.14595660749506903
50 0.6446056338028169 0.4838856015779093 0.07229577464788732 0.13938856015779094
1 0.7352112676056338 0.4858579881656805 0.07323943661971831 0.14595660749506903
3 0.823943661971831 0.4858579881656805 0.0741830985915493 0.14857988165680472
17 0.6051690140845071 0.8251084812623274 0.0553943661971831 0.14069033530571992
16 0.6737042253521126 0.8224852071005917 0.08356338028169014 0.14595660749506903