47 0.30323101777059774 0.1644020618556701 0.08397415185783522 0.0774020618556701
12 0.40534733441033927 0.16539175257731958 0.08500807754442649 0.0780618556701031
28 0.5064297253634895 0.16506185567010312 0.08397415185783522 0.07343298969072165
35 0.304264943457189 0.7220927835051546 0.08604200323101777 0.07872164948453608
4 0.4058642972536349 0.7214329896907216 0.08604200323101777 0.07872164948453608
36 0.5090145395799677 0.7197835051546392 0.08915993537964459 0.07542268041237113
48 0.6095799676898223 0.7207731958762886 0.08707592891760904 0.0774020618556701
30 0.7106623586429724 0.7211030927835052 0.08604200323101777 0.07674226804123711
49 0.461437802907916 0.9014226804123712 0.07067851373182553 0.07345360824742268
0 0.5411954765751211 0.8994845360824743 0.09289176090468497 0.07731958762886598
39 0.46445880452342486 0.5341546391752577 0.06058158319870759 0.06829896907216494
26 0.5351373182552503 0.5341546391752577 0.09289176090468497 0.06572164948453608