10 0.09156968876860623 0.1859504132231405 0.05142083897158322 0.1322314049586777
6 0.15110960757780786 0.18113636363636365 0.06945872801082544 0.13911157024793389
44 0.31709066305818673 0.4531611570247934 0.07307171853856563 0.15427685950413222
41 0.401894451962111 0.45454545454545453 0.07127198917456022 0.15702479338842976
50 0.4884979702300406 0.45522727272727276 0.07127198917456022 0.15014462809917356
42 0.5723951285520974 0.451797520661157 0.06765899864682003 0.15427685950413222
5 0.658552097428958 0.4531611570247934 0.07036535859269283 0.1515082644628099
39 0.448809201623816 0.8119834710743802 0.05863328822733423 0.15289256198347106
13 0.5155615696887687 0.8085330578512396 0.07848443843031123 0.1515082644628099
3 0.8421244925575102 0.6308471074380165 0.05142083897158322 0.12948347107438016
3 0.9039242219215156 0.6287809917355371 0.06856562922868742 0.13636363636363635
21 0.9440730717185385 0.560599173553719 0.0009066305818673884 0.008264462809917356