37 0.20426247288503255 0.2967560975609756 0.03977223427331887 0.16097560975609757
18 0.2527114967462039 0.29592682926829267 0.05856832971800434 0.16585365853658537
30 0.4352819956616052 0.375609756097561 0.05784164859002169 0.1821219512195122
12 0.5036117136659436 0.3715365853658537 0.057125813449023864 0.17724390243902438
34 0.5704989154013015 0.3739756097560976 0.05495661605206074 0.18536585365853658
28 0.6384707158351409 0.3739756097560976 0.05639913232104121 0.1821219512195122
4 0.7075162689804773 0.3723658536585365 0.057125813449023864 0.17885365853658536
11 0.8796095444685467 0.2991951219512195 0.03977223427331887 0.15609756097560976
9 0.9276898047722343 0.2991951219512195 0.05784164859002169 0.15934146341463415
45 0.5390455531453362 0.7959268292682926 0.044110629067245125 0.17724390243902438
50 0.5925488069414317 0.7910487804878048 0.06290672451193059 0.18048780487804877