9 0.145984796129924 0.2560476190476191 0.033621285418106425 0.0914404761904762
28 0.18845196959225985 0.25452380952380954 0.03539046302695231 0.08839285714285715
31 0.23268832066344158 0.2552857142857143 0.037159640635798206 0.08382142857142856
7 0.27559778852798894 0.2552857142857143 0.03627505183137526 0.08686904761904762
48 0.31894955079474774 0.25452380952380954 0.03804422944022114 0.0914404761904762
26 0.6578092605390463 0.253 0.03627505183137526 0.08839285714285715
43 0.7024879060124395 0.2522380952380952 0.037159640635798206 0.09296428571428572
19 0.74496199032481 0.25452380952380954 0.037159640635798206 0.08839285714285715
16 0.7874291637871459 0.25376190476190474 0.03539046302695231 0.08686904761904762
1 0.8307809260539047 0.2552857142857143 0.03539046302695231 0.08686904761904762
44 0.1455425017277125 0.8946428571428572 0.03450587422252937 0.08839285714285715
1 0.18889426399447132 0.8969285714285714 0.03804422944022114 0.09296428571428572
46 0.23313061506565305 0.8992142857142857 0.03627505183137526 0.08839285714285715
25 0.2742709053213545 0.8969285714285714 0.033621285418106425 0.08382142857142856
36 0.31939184519695923 0.898452380952381 0.03539046302695231 0.09296428571428572
27 0.526371803731859 0.3565 0.028299930891499656 0.07848809523809525
18 0.5575466482377333 0.3565 0.03597097442985487 0.08014285714285714
24 0.9107809260539047 0.09914285714285714 0.02494125777470629 0.07270238095238095
22 0.9421976503109882 0.10161904761904762 0.03693158258465791 0.08096428571428572
21 0.9268486523842433 0.35723809523809524 0.02601935038009675 0.07798809523809525
13 0.9570352453351761 0.3554523809523809 0.03747062888735314 0.07978571428571428