26 0.3854106280193237 0.3696758104738155 0.06464975845410628 0.17895261845386534
19 0.46106280193236715 0.3711221945137157 0.06251207729468598 0.18483790523690774
9 0.5377898550724638 0.3725935162094763 0.06393719806763284 0.19069825436408977
18 0.6116787439613527 0.3718703241895262 0.0653623188405797 0.18630922693266833
43 0.6887560386473429 0.368927680798005 0.06464975845410628 0.18042394014962593
37 0.1278743961352657 0.2977805486284289 0.04404589371980676 0.158428927680798
51 0.18044685990338163 0.2904488778054863 0.058260869565217394 0.16428927680798003
39 0.8802173913043478 0.2970573566084788 0.04547101449275362 0.1599002493765586
11 0.9338647342995169 0.2933915211970075 0.058961352657004834 0.158428927680798
39 0.5008574879227052 0.8038653366583541 0.04830917874396135 0.17603491271820448
12 0.5598188405797101 0.8009476309226933 0.06677536231884058 0.17895261845386534