38 0.0896551724137931 0.14235169491525423 0.05 0.13902542372881357
2 0.15042758620689656 0.14167372881355933 0.06982068965517241 0.1350635593220339
31 0.8573241379310345 0.6005084745762712 0.0508551724137931 0.13637711864406782
9 0.9189655172413793 0.603156779661017 0.07241379310344828 0.14963983050847457
27 0.45517241379310347 0.7872033898305085 0.0603448275862069 0.15226694915254238
24 0.5198344827586207 0.7852330508474576 0.08103448275862069 0.15625
12 0.3198344827586207 0.4171186440677966 0.07413793103448275 0.15889830508474576
20 0.4068965517241379 0.4184322033898305 0.07241379310344828 0.16154661016949154
30 0.49353103448275865 0.42307203389830506 0.07155862068965517 0.15758474576271186
35 0.5797379310344828 0.41976694915254237 0.07155862068965517 0.15625
37 0.6663862068965517 0.41777542372881354 0.07413793103448275 0.16021186440677967