36 0.08917737789203084 0.4680786026200873 0.04820051413881748 0.13919213973799127
0 0.1470179948586118 0.46737991266375545 0.06748071979434447 0.1432751091703057
16 0.3627120822622108 0.5342576419213974 0.06829048843187661 0.16240174672489083
39 0.44304627249357326 0.5349344978165939 0.06667095115681233 0.15829694323144106
29 0.5241773778920309 0.5322052401746725 0.06829048843187661 0.16375545851528384
27 0.6041131105398457 0.5349344978165939 0.06748071979434447 0.16375545851528384
14 0.6852570694087403 0.5342576419213974 0.06748071979434447 0.16240174672489083
49 0.8897043701799486 0.4708078602620087 0.05060411311053984 0.14192139737991266
41 0.9467352185089973 0.46737991266375545 0.06506426735218508 0.14873362445414848
37 0.48883033419023136 0.13646288209606988 0.048997429305912596 0.13919213973799127
21 0.5466709511568123 0.13510917030567687 0.06829048843187661 0.14192139737991266