10 0.3767790262172285 0.4687450980392157 0.06595505617977528 0.13984313725490194
44 0.4551061173533084 0.47068627450980394 0.06595505617977528 0.14372549019607841
17 0.5338451935081149 0.47068627450980394 0.0651310861423221 0.14372549019607841
49 0.6113358302122347 0.47068627450980394 0.0651310861423221 0.1411372549019608
22 0.6908988764044943 0.47068627450980394 0.06595505617977528 0.14892156862745098
36 0.16818976279650436 0.21431372549019606 0.04616729088639201 0.12301960784313726
0 0.22343320848938827 0.21754901960784315 0.06265917602996254 0.12690196078431373
35 0.83270911360799 0.2156078431372549 0.04451935081148564 0.1256078431372549
27 0.8891885143570537 0.22337254901960785 0.06348314606741573 0.14631372549019608
48 0.8615730337078652 0.6383921568627451 0.04616729088639201 0.12949019607843137
5 0.918039950062422 0.6364509803921569 0.0651310861423221 0.1256078431372549