35 0.18279955207166854 0.40597014925373137 0.04335946248600224 0.1367590618336887
34 0.2342441209406495 0.40228144989339015 0.05824188129899216 0.14168443496801705
42 0.5312541993281076 0.08255863539445629 0.043997760358342665 0.13059701492537312
10 0.583023516237402 0.08070362473347548 0.05824188129899216 0.14415778251599148
7 0.42125419932810754 0.47066098081023455 0.06082866741321388 0.16017057569296375
4 0.4921052631578947 0.4694243070362473 0.05759238521836506 0.15769722814498932
12 0.5626427771556551 0.46818763326226015 0.06017917133258679 0.16264392324093818
14 0.6331690929451287 0.46818763326226015 0.06017917133258679 0.15031982942430705
48 0.7033818589025755 0.46880597014925374 0.06211646136618141 0.15648187633262262
33 0.8810078387458007 0.40720682302771855 0.042060470324748044 0.13923240938166312
24 0.9321276595744681 0.4035181236673774 0.05629339305711087 0.14415778251599148