39 0.48936473165388833 0.1568785046728972 0.04303395399780942 0.1295140186915888
16 0.5374698795180722 0.15153271028037382 0.05633077765607886 0.12416822429906543
30 0.14629791894852134 0.43657943925233644 0.03911281489594743 0.11749532710280373
18 0.19675794085432638 0.43857943925233644 0.058674698795180724 0.12149532710280374
44 0.8296823658269441 0.43590654205607476 0.041467688937568456 0.12149532710280374
40 0.8789704271631983 0.43457943925233644 0.058674698795180724 0.1268411214953271
49 0.4858378970427163 0.8130841121495327 0.04381161007667032 0.13618691588785048
0 0.5402081051478642 0.8117570093457944 0.06337349397590361 0.1335140186915888
22 0.3810076670317634 0.49132710280373837 0.057897042716319826 0.13885981308411216
24 0.4498466593647316 0.49132710280373837 0.05946330777656079 0.13618691588785048
37 0.5171303395399781 0.49400000000000005 0.05633077765607886 0.13885981308411216
21 0.5859802847754655 0.49400000000000005 0.054764512595837894 0.13618691588785048
9 0.6552135815991238 0.49132710280373837 0.060240963855421686 0.14151401869158878