15 0.15453227931488803 0.225546875 0.03552042160737813 0.070732421875
38 0.1966798418972332 0.226728515625 0.03392621870882741 0.0730859375
47 0.23776679841897233 0.226728515625 0.03445981554677207 0.071513671875
25 0.27911725955204214 0.226728515625 0.03552042160737813 0.06994140625
20 0.3199407114624506 0.22515625 0.03445981554677207 0.068369140625
12 0.6435902503293808 0.226337890625 0.03710803689064558 0.07544921875
13 0.6838801054018446 0.22515625 0.03498682476943347 0.0730859375
20 0.7252305665349145 0.227119140625 0.03392621870882741 0.073876953125
44 0.4105204216073781 0.8389453125 0.026133069828722003 0.061162109375
16 0.4404347826086957 0.8369140625 0.035072463768115944 0.065244140625
45 0.21798418972332015 0.923046875 0.027503293807641632 0.070341796875
17 0.25064558629776024 0.920498046875 0.036442687747035574 0.071357421875
37 0.029571805006587615 0.8384375 0.026133069828722003 0.06421875
36 0.05982213438735178 0.835380859375 0.03575757575757576 0.06830078125
37 0.21901185770750986 0.396025390625 0.029571805006587615 0.070341796875
33 0.2516798418972332 0.395517578125 0.03851119894598155 0.077470703125
43 0.02991436100131752 0.311416015625 0.026818181818181817 0.066259765625
28 0.05947957839262188 0.311416015625 0.035072463768115944 0.06830078125
6 0.04503952569169961 0.09990234375 0.026818181818181817 0.061162109375
4 0.07461133069828722 0.098876953125 0.036442687747035574 0.065244140625
39 0.22038866930171278 0.04841796875 0.025441370223978917 0.060146484375
2 0.2492687747035573 0.049443359375 0.03369565217391304 0.060146484375