31 0.6379496151154653 0.4603294117647059 0.03815255423372988 0.1660235294117647
32 0.6808747375787264 0.45842352941176473 0.037592722183344994 0.16978823529411763
24 0.7254793561931421 0.45842352941176473 0.03590622813156053 0.1735529411764706
1 0.7698040587823652 0.4612705882352941 0.03590622813156053 0.17545882352941175
15 0.2945696291112666 0.4622117647058823 0.037032890132960114 0.17734117647058825
2 0.25052484254723584 0.4622117647058823 0.03647305808257523 0.17734117647058825
29 0.20703988803358994 0.4603294117647059 0.037032890132960114 0.1735529411764706
11 0.16327501749475157 0.4603294117647059 0.037032890132960114 0.1735529411764706
14 0.11979006298110567 0.45938823529411765 0.03871238628411477 0.1792235294117647
37 0.894331700489853 0.1588235294117647 0.026592022393282014 0.14823529411764705
17 0.9237228831350595 0.15529411764705883 0.03358992302309307 0.15529411764705883
50 0.9107767669699091 0.66 0.02729181245626312 0.15764705882352942
42 0.9408677396780966 0.6588235294117647 0.0370888733379986 0.15529411764705883