25 0.44715447154471544 0.14600767754318617 0.04313588850174216 0.12476007677543186
26 0.4994192799070848 0.14669865642994243 0.06139372822299651 0.1343570057581574
15 0.08337979094076656 0.43802303262955855 0.04397212543554007 0.12476007677543186
12 0.13605110336817655 0.43666026871401153 0.06139372822299651 0.12750479846449136
35 0.332253193960511 0.49698656429942417 0.06221835075493612 0.1412092130518234
2 0.40526132404181187 0.49629558541266794 0.06055749128919861 0.1398464491362764
5 0.4786759581881533 0.49629558541266794 0.06139372822299651 0.14531669865642993
20 0.5508594657375145 0.49560460652591165 0.06305458768873402 0.13846449136276393
36 0.624274099883856 0.49560460652591165 0.06055749128919861 0.14395393474088292
38 0.8084436701509873 0.44076775431861803 0.04231126596980255 0.12476007677543186
22 0.8615447154471544 0.43596928982725525 0.06055749128919861 0.13161228406909786