45 0.5398821796759941 0.4748207171314741 0.07746686303387335 0.14627490039840638
22 0.632680412371134 0.4764541832669323 0.07746686303387335 0.14517928286852588
35 0.7263033873343152 0.4759163346613546 0.07908689248895436 0.1506374501992032
12 0.8182916053019146 0.47699203187250994 0.07586156111929307 0.14844621513944223
9 0.9106921944035347 0.4764541832669323 0.07989690721649484 0.14517928286852588
33 0.6823122238586157 0.8186454183266932 0.05891016200294551 0.13316733067729083
23 0.7553460972017673 0.8175697211155378 0.08553755522827687 0.14627490039840638
1 0.226759941089838 0.41750996015936254 0.05487481590574374 0.1255179282868526
0 0.29294550810014724 0.41205179282868526 0.07746686303387335 0.12770916334661356
32 0.6859499263622975 0.11352589641434263 0.05487481590574374 0.12880478087649402
24 0.7533284241531664 0.11460159362549802 0.07667157584683358 0.13097609561752988