13 0.16797931034482758 0.7624975891996143 0.036455172413793105 0.07300867888138861
26 0.2106206896551724 0.7626615236258438 0.03815172413793103 0.07077145612343298
38 0.2546137931034483 0.7621118611378978 0.037372413793103444 0.0696817743490839
43 0.2982137931034483 0.7626615236258438 0.037372413793103444 0.07294117647058823
1 0.6781931034482759 0.24115718418514948 0.035813793103448274 0.07077145612343298
15 0.7221862068965518 0.24224686595949857 0.03815172413793103 0.07077145612343298
36 0.7657862068965517 0.24169720347155255 0.03659310344827586 0.07403085824493731
50 0.6797517241379311 0.7615718418514947 0.037372413793103444 0.07077145612343298
3 0.7225724137931034 0.7621118611378978 0.03893103448275862 0.07186113789778206
35 0.7654 0.7615718418514947 0.03426206896551724 0.06859209257473481
1 0.23399310344827587 0.4070781099324976 0.030544827586206896 0.07300867888138861
32 0.2679793103448276 0.40501446480231434 0.041379310344827586 0.06888138862102218
21 0.23595862068965517 0.9291899710703955 0.02857241379310345 0.06750241080038573
17 0.2684758620689655 0.9285053037608486 0.04236551724137931 0.07990356798457088