9 0.21042713567839197 0.20833843017329257 0.034547738693467334 0.07772680937818552
28 0.25086683417085426 0.20642201834862386 0.03533291457286432 0.07390417940876656
31 0.28855527638190953 0.20642201834862386 0.03219221105527638 0.08154943934760449
7 0.32898869346733667 0.2057900101936799 0.034547738693467334 0.07517838939857288
51 0.36824748743718594 0.20769622833843018 0.034547738693467334 0.07900101936799185
26 0.6756469849246232 0.20642201834862386 0.03376256281407035 0.07390417940876656
43 0.7156909547738695 0.20642201834862386 0.03219221105527638 0.07390417940876656
19 0.7549497487437187 0.20514780835881755 0.03533291457286432 0.07390417940876656
16 0.7953831658291457 0.20642201834862386 0.034547738693467334 0.07390417940876656
44 0.21121231155778894 0.7562487257900102 0.034547738693467334 0.07772680937818552
1 0.2489007537688442 0.7568807339449541 0.034547738693467334 0.07390417940876656
46 0.29012562814070353 0.7575229357798166 0.03376256281407035 0.08027522935779817
25 0.32898869346733667 0.7581549439347605 0.032977386934673364 0.0764525993883792
0 0.6772173366834171 0.7568807339449541 0.03376256281407035 0.0764525993883792
44 0.7156909547738695 0.7575229357798166 0.03376256281407035 0.07517838939857288
19 0.7557349246231156 0.7568807339449541 0.03376256281407035 0.07390417940876656
24 0.9051570351758794 0.07527013251783894 0.02435929648241206 0.06644240570846076
22 0.9336620603015076 0.0735881753312946 0.03265075376884422 0.07148827726809377
27 0.5566206030150753 0.2939551478083588 0.025910804020100504 0.07148827726809377
18 0.5843467336683417 0.2926911314984709 0.03368718592964824 0.0773802242609582
21 0.9207035175879397 0.29437308868501527 0.02539572864321608 0.06728848114169216
13 0.9481721105527638 0.2922731906218145 0.03368718592964824 0.07653414882772681