49 0.42935444579780757 0.12726053639846743 0.04437271619975639 0.1231609195402299
25 0.48242387332521314 0.12521072796934865 0.06350791717417784 0.13
45 0.3079902557856273 0.4686590038314176 0.06438489646772229 0.14093869731800765
5 0.38498172959805116 0.4748275862068966 0.06699147381242387 0.1450383141762452
31 0.4611084043848965 0.47344827586206895 0.06438489646772229 0.14231800766283526
34 0.5372350791717417 0.47277777777777774 0.06350791717417784 0.14367816091954022
33 0.613361753958587 0.47277777777777774 0.06438489646772229 0.14093869731800765
15 0.8078075517661389 0.4173563218390805 0.04611449451887942 0.12588122605363983
11 0.8634957369062118 0.41530651340996166 0.06524969549330085 0.13
41 0.4241291108404385 0.8039080459770115 0.05132764920828258 0.14641762452107282
3 0.48546894031668697 0.8018582375478928 0.07133982947624848 0.14231800766283526