23 0.05471910112359551 0.37363001745200697 0.04231942215088282 0.13485165794066317
41 0.10506420545746388 0.37600349040139613 0.04231942215088282 0.1269284467713787
6 0.15540930979133225 0.37521815008726006 0.04085874799357945 0.13167539267015707
14 0.20574638844301768 0.37284467713787084 0.043780096308186196 0.1301047120418848
51 0.6504414125200643 0.37443280977312393 0.04158908507223114 0.1269284467713787
36 0.7004253611556982 0.3768062827225131 0.04231942215088282 0.12851657940663178
16 0.7489406099518459 0.37363001745200697 0.04304975922953451 0.13167539267015707
33 0.801107544141252 0.3768062827225131 0.043780096308186196 0.13167539267015707
29 0.8518138041733546 0.37600349040139613 0.04158908507223114 0.1301047120418848
7 0.7292455858747994 0.060296684118673644 0.03137239165329053 0.11739965095986038
4 0.764991974317817 0.05949389179755672 0.04304975922953451 0.11898778359511344
37 0.7270545746388443 0.6774520069808028 0.034293739967897266 0.1237521815008726
3 0.7653611556982344 0.6742757417102967 0.048154093097913325 0.13643979057591624