47 0.45240866035182675 0.09937888198757763 0.05142083897158322 0.12422360248447205
49 0.5155615696887687 0.09937888198757763 0.06945872801082544 0.12697722567287784
46 0.09336941813261164 0.21049689440993788 0.04962110960757781 0.12836438923395446
11 0.15381596752368065 0.20910973084886128 0.06945872801082544 0.13111801242236024
12 0.8457374830852503 0.6577018633540374 0.04780784844384303 0.13389233954451346
4 0.9061840324763193 0.6577018633540374 0.07127198917456022 0.13664596273291926
50 0.32070365358592695 0.4768737060041408 0.07307171853856563 0.15320910973084886
18 0.40550744248985116 0.4782608695652174 0.07127198917456022 0.16149068322981366
17 0.489851150202977 0.4782608695652174 0.07216508795669824 0.15045548654244306
45 0.5751014884979703 0.4768737060041408 0.06765899864682003 0.15045548654244306
36 0.6607983761840325 0.4803312629399586 0.07127198917456022 0.15734989648033126