34 0.31684824902723735 0.1167504835589942 0.050025940337224385 0.12019342359767891
30 0.3761348897535668 0.1181237911025145 0.06856031128404669 0.13125725338491295
42 0.18853437094682232 0.4725145067698259 0.07133592736705577 0.1464410058027079
22 0.2714526588845655 0.47181818181818186 0.06856031128404669 0.1423017408123791
27 0.3520492866407263 0.4725145067698259 0.06856031128404669 0.14920696324951643
5 0.433579766536965 0.4711218568665377 0.07041504539559014 0.14369439071566734
13 0.5150972762645915 0.47181818181818186 0.06856031128404669 0.1450676982591876
39 0.7240077821011673 0.4117214700193424 0.04910505836575876 0.12435203094777564
2 0.7795979247730221 0.41309477756286267 0.06577172503242543 0.11882011605415861
45 0.3140596627756161 0.8034042553191489 0.05373540856031128 0.13125725338491295
33 0.37845654993514916 0.8054738878143134 0.07319066147859922 0.1464410058027079